
tag31:1:13:NULL
tag37:1:17:0x0f
tag41:s:1:string

tag02:1:1:NULL
tag03:2:1:NULL
tag05:4:1:2,3,5,7,11,13,17,19
tag07:f:1:1.61803399
tag11:f:1:3.14159265

tag13:1:2:-1
tag17:2:3:-1234
tag19:4:5:2,3,5,7,11,13,17,19
tag23:f:7:1.234
tag29:f:11:1.23456789,2.123456789

